i =

  12.0000 + 3.0000i


ii =

  24.0000 + 8.0000i


iii =

   2.0000 + 7.0000i


iv =

   6.0000 - 5.0000i


v =

 -14.0000 +22.0000i


vi =

  -0.0500 - 0.6500i


vii =

    4.1231


viii =

    6.3246


ix =

     0   -12     9     0
     3     6     0    -6
     0    -9     3    -3


x =

    -5    20     0     0   -10
     0     5   -15    10     0
    -5    -5    -5     0     5
     0   -10    15   -15   -20


xi =

     3     7    -9     8    -3
     1   -10    12   -10    -6
     1     2    -5     3    -5


xii =

  Columns 1 through 17

     0     0     0     0     0    -4    16     0     0    -8     3   -12     0     0     6     0     0
     0     0     0     0     0     0     4   -12     8     0     0    -3     9    -6     0     0     0
     0     0     0     0     0    -4    -4    -4     0     4     3     3     3     0    -3     0     0
     0     0     0     0     0     0    -8    12   -12   -16     0     6    -9     9    12     0     0
     1    -4     0     0     2     2    -8     0     0     4     0     0     0     0     0    -2     8
     0    -1     3    -2     0     0    -2     6    -4     0     0     0     0     0     0     0     2
     1     1     1     0    -1     2     2     2     0    -2     0     0     0     0     0    -2    -2
     0     2    -3     3     4     0     4    -6     6     8     0     0     0     0     0     0    -4
     0     0     0     0     0    -3    12     0     0    -6     1    -4     0     0     2    -1     4
     0     0     0     0     0     0     3    -9     6     0     0    -1     3    -2     0     0     1
     0     0     0     0     0    -3    -3    -3     0     3     1     1     1     0    -1    -1    -1
     0     0     0     0     0     0    -6     9    -9   -12     0     2    -3     3     4     0    -2

  Columns 18 through 20

     0     0     0
     0     0     0
     0     0     0
     0     0     0
     0     0    -4
    -6     4     0
    -2     0     2
     6    -6    -8
     0     0    -2
    -3     2     0
    -1     0     1
     3    -3    -4


xiii =

   0.0000 + 0.0000i   0.0000 + 2.0000i
   3.0000 + 2.0000i  -3.0000 + 1.0000i
   2.0000 - 4.0000i  -4.0000 - 3.0000i


xiv =

   0.0000 + 0.0000i   3.0000 - 2.0000i   2.0000 + 4.0000i
   0.0000 - 2.0000i  -3.0000 - 1.0000i  -4.0000 + 3.0000i


xv =

   0.0000 + 0.0000i   0.0000 - 2.0000i
   3.0000 - 2.0000i  -3.0000 - 1.0000i
   2.0000 + 4.0000i  -4.0000 + 3.0000i


xvi =

     0
     0
     0
     1


xvii =

  2×1 logical array

   1
   1


xviii =

     0
     1


xviiiTwo =

     0
     1
     0
     0


xx =

     0     1     1     1
     1     0     0     0